time	V(n005)
0.000000000000000e+000	1.223088e+001
1.345894766469069e-008	1.223836e+001
4.037684298713318e-008	1.225201e+001
9.421263363201815e-008	1.227287e+001
2.018842149217881e-007	1.228826e+001
4.172273775082669e-007	1.223288e+001
7.029393775115356e-007	1.202132e+001
8.992993575651642e-007	1.176982e+001
1.116324152887482e-006	1.136915e+001
1.402036152890751e-006	1.068706e+001
1.687748152894020e-006	9.845560e+000
1.973460152897288e-006	8.846863e+000
2.259172152900557e-006	7.706845e+000
2.544884152903826e-006	6.443615e+000
2.830596152907094e-006	5.077237e+000
3.116308152910363e-006	3.629435e+000
3.402020152913632e-006	2.123276e+000
3.687732152916901e-006	5.828416e-001
3.973444152920169e-006	-9.671341e-001
4.259156152923438e-006	-2.501639e+000
4.544868152926707e-006	-3.995794e+000
4.830580152929975e-006	-5.425281e+000
5.116292152933244e-006	-6.766787e+000
5.402004152936513e-006	-7.998451e+000
5.687716152939781e-006	-9.100287e+000
5.973428152943050e-006	-1.005457e+001
6.259140152946319e-006	-1.084617e+001
6.544852152949587e-006	-1.146279e+001
6.830564152952856e-006	-1.189516e+001
7.116276152956125e-006	-1.213711e+001
7.401988152959393e-006	-1.218562e+001
7.687700152962662e-006	-1.204073e+001
7.973412152965931e-006	-1.170548e+001
8.259124152969199e-006	-1.118579e+001
8.544836152972468e-006	-1.049028e+001
8.830548152975737e-006	-9.630163e+000
9.116260152979006e-006	-8.619007e+000
9.401972152982274e-006	-7.472585e+000
9.687684152985543e-006	-6.208642e+000
9.973396152988812e-006	-4.846665e+000
1.025910815299208e-005	-3.407635e+000
1.054482015299535e-005	-1.913752e+000
1.083053215299862e-005	-3.881499e-001
1.111624415300189e-005	1.145415e+000
1.140195615300516e-005	2.662900e+000
1.168766815300842e-005	4.140333e+000
1.197338015301169e-005	5.554193e+000
1.225909215301496e-005	6.881807e+000
1.254480415301823e-005	8.101749e+000
1.283051615302150e-005	9.194223e+000
1.311622815302477e-005	1.014128e+001
1.340194015302804e-005	1.092603e+001
1.368765215303130e-005	1.156680e+001
1.377611507460269e-005	1.172891e+001
1.387668075301246e-005	1.188203e+001
1.398588149260222e-005	1.202381e+001
1.408572158905636e-005	1.212733e+001
1.420816487951448e-005	1.221972e+001
1.433870747620525e-005	1.227893e+001
1.448154553063130e-005	1.229399e+001
1.466070257641339e-005	1.224306e+001
1.485239147607648e-005	1.210510e+001
1.506307078315977e-005	1.185571e+001
1.526373943541021e-005	1.151522e+001
1.554945143541348e-005	1.087408e+001
1.583516343541674e-005	1.007337e+001
1.612087543542001e-005	9.111851e+000
1.640658743542328e-005	8.004798e+000
1.669229943542655e-005	6.769801e+000
1.697801143542982e-005	5.426473e+000
1.726372343543309e-005	3.996166e+000
1.754943543543636e-005	2.501652e+000
1.783514743543962e-005	9.668039e-001
1.812085943544289e-005	-5.837620e-001
1.840657143544616e-005	-2.125056e+000
1.869228343544943e-005	-3.632115e+000
1.897799543545270e-005	-5.080431e+000
1.926370743545597e-005	-6.446391e+000
1.954941943545924e-005	-7.707724e+000
1.983513143546251e-005	-8.843932e+000
2.012084343546577e-005	-9.836692e+000
2.040655543546904e-005	-1.067019e+001
2.069226743547231e-005	-1.133141e+001
2.097797943547558e-005	-1.181032e+001
2.126369143547885e-005	-1.209997e+001
2.154940343548212e-005	-1.219655e+001
2.183511543548539e-005	-1.209936e+001
2.212082743548866e-005	-1.181072e+001
2.240653943549192e-005	-1.133584e+001
2.269225143549519e-005	-1.068268e+001
2.297796343549846e-005	-9.861848e+000
2.326367543550173e-005	-8.886340e+000
2.354938743550500e-005	-7.771412e+000
2.383509943550827e-005	-6.534348e+000
2.412081143551154e-005	-5.194232e+000
2.440652343551480e-005	-3.771706e+000
2.469223543551807e-005	-2.288705e+000
2.497794743552134e-005	-7.681681e-001
2.526365943552461e-005	7.662656e-001
2.554937143552788e-005	2.290585e+000
2.583508343553115e-005	3.780752e+000
2.612079543553442e-005	5.213089e+000
2.640650743553769e-005	6.564665e+000
2.669221943554095e-005	7.813702e+000
2.697793143554422e-005	8.939955e+000
2.726364343554749e-005	9.925054e+000
2.754935543555076e-005	1.077010e+001
2.771787097936157e-005	1.119270e+001
2.784030385452607e-005	1.145566e+001
2.791998247573396e-005	1.160707e+001
2.801093505695740e-005	1.176219e+001
2.809718856135873e-005	1.189301e+001
2.818896980691377e-005	1.201105e+001
2.831437438249873e-005	1.213940e+001
2.844611441445155e-005	1.223131e+001
2.863428881841323e-005	1.228239e+001
2.889213990001083e-005	1.221962e+001
2.916636483139140e-005	1.199891e+001
2.938183164816893e-005	1.170406e+001
2.958945936775564e-005	1.130334e+001
2.987517136775891e-005	1.059667e+001
3.016088336776218e-005	9.733455e+000
3.044659536776545e-005	8.714828e+000
3.073230736776872e-005	7.556978e+000
3.101801936777199e-005	6.278296e+000
3.130373136777526e-005	4.899094e+000
3.158944336777853e-005	3.441302e+000
3.187515536778179e-005	1.928156e+000
3.216086736778506e-005	3.838594e-001
3.244657936778833e-005	-1.166774e+000
3.273229136779160e-005	-2.698707e+000
3.301800336779487e-005	-4.187087e+000
3.330371536779814e-005	-5.607679e+000
3.358942736780141e-005	-6.937314e+000
3.387513936780467e-005	-8.154330e+000
3.416085136780794e-005	-9.238997e+000
3.444656336781121e-005	-1.017389e+001
3.473227536781448e-005	-1.094422e+001
3.501798736781775e-005	-1.153806e+001
3.530369936782102e-005	-1.194653e+001
3.558941136782429e-005	-1.216386e+001
3.587512336782756e-005	-1.218744e+001
3.616083536783082e-005	-1.201768e+001
3.644654736783409e-005	-1.165803e+001
3.673225936783736e-005	-1.111475e+001
3.701797136784063e-005	-1.039682e+001
3.730368336784390e-005	-9.515772e+000
3.758939536784717e-005	-8.485481e+000
3.787510736785044e-005	-7.322000e+000
3.816081936785370e-005	-6.043322e+000
3.844653136785697e-005	-4.669157e+000
3.873224336786024e-005	-3.220672e+000
3.901795536786351e-005	-1.720221e+000
3.930366736786678e-005	-1.910548e-001
3.958937936787005e-005	1.342997e+000
3.987509136787332e-005	2.857862e+000
4.016080336787659e-005	4.329585e+000
4.044651536787985e-005	5.734714e+000
4.073222736788312e-005	7.050694e+000
4.101793936788639e-005	8.256272e+000
4.130365136788966e-005	9.331871e+000
4.158936336789293e-005	1.025967e+001
4.187507536789620e-005	1.102314e+001
4.216078736789947e-005	1.164100e+001
4.225346655530732e-005	1.180396e+001
4.233872363292035e-005	1.192841e+001
4.243681625733936e-005	1.205003e+001
4.254501351753925e-005	1.215740e+001
4.265782575247484e-005	1.223620e+001
4.281808813161314e-005	1.229653e+001
4.296668919769736e-005	1.229524e+001
4.318064005394418e-005	1.219704e+001
4.340345777378157e-005	1.198540e+001
4.363930543553607e-005	1.163704e+001
4.386585032708362e-005	1.117778e+001
4.415156232708689e-005	1.043859e+001
4.443727432709016e-005	9.542252e+000
4.472298632709343e-005	8.493534e+000
4.500869832709670e-005	7.309109e+000
4.529441032709997e-005	6.007788e+000
4.558012232710323e-005	4.610245e+000
4.586583432710650e-005	3.138710e+000
4.615154632710977e-005	1.616655e+000
4.643725832711304e-005	6.844367e-002
4.672297032711631e-005	-1.481022e+000
4.700868232711958e-005	-3.006698e+000
4.729439432712285e-005	-4.483811e+000
4.758010632712612e-005	-5.888299e+000
4.786581832712938e-005	-7.197252e+000
4.815153032713265e-005	-8.389359e+000
4.843724232713592e-005	-9.445324e+000
4.872295432713919e-005	-1.034822e+001
4.900866632714246e-005	-1.108383e+001
4.929437832714573e-005	-1.164082e+001
4.958009032714900e-005	-1.201094e+001
4.986580232715226e-005	-1.218907e+001
5.015151432715553e-005	-1.217320e+001
5.043722632715880e-005	-1.196440e+001
5.072293832716207e-005	-1.156666e+001
5.100865032716534e-005	-1.098685e+001
5.129436232716861e-005	-1.023447e+001
5.158007432717188e-005	-9.321534e+000
5.186578632717515e-005	-8.262402e+000
5.215149832717841e-005	-7.073537e+000
5.243721032718168e-005	-5.773309e+000
5.272292232718495e-005	-4.381752e+000
5.300863432718822e-005	-2.920306e+000
5.329434632719149e-005	-1.411538e+000
5.358005832719476e-005	1.211492e-001
5.386577032719803e-005	1.653839e+000
5.415148232720130e-005	3.162442e+000
5.443719432720456e-005	4.623066e+000
5.472290632720783e-005	6.012400e+000
5.500861832721110e-005	7.308114e+000
5.529433032721437e-005	8.489254e+000
5.558004232721764e-005	9.536624e+000
5.586575432722091e-005	1.043257e+001
5.615146632722418e-005	1.117783e+001
5.633186320162104e-005	1.156713e+001
5.641447476328193e-005	1.171721e+001
5.649745190593886e-005	1.184885e+001
5.658882249091890e-005	1.197470e+001
5.670606282952295e-005	1.210378e+001
5.687673071171073e-005	1.222512e+001
5.713899643972065e-005	1.228012e+001
5.741474268104729e-005	1.217866e+001
5.766212517301778e-005	1.193164e+001
5.793230320486759e-005	1.149790e+001
5.817862857986078e-005	1.095742e+001
5.846434057986405e-005	1.016489e+001
5.875005257986732e-005	9.216278e+000
5.903576457987059e-005	8.120473e+000
5.932147657987386e-005	6.894886e+000
5.960718857987712e-005	5.558983e+000
5.989290057988039e-005	4.133993e+000
6.017861257988366e-005	2.642598e+000
6.046432457988693e-005	1.108613e+000
6.075003657989020e-005	-4.433701e-001
6.103574857989347e-005	-1.988349e+000
6.132146057989674e-005	-3.501312e+000
6.160717257990001e-005	-4.957662e+000
6.189288457990327e-005	-6.333656e+000
6.217859657990654e-005	-7.606856e+000
6.246430857990981e-005	-8.756561e+000
6.275002057991308e-005	-9.764212e+000
6.303573257991635e-005	-1.061374e+001
6.332144457991962e-005	-1.129184e+001
6.360715657992289e-005	-1.178820e+001
6.389286857992615e-005	-1.209558e+001
6.417858057992942e-005	-1.220988e+001
6.446429257993269e-005	-1.213013e+001
6.475000457993596e-005	-1.185837e+001
6.503571657993923e-005	-1.139957e+001
6.532142857994250e-005	-1.076147e+001
6.560714057994577e-005	-9.954434e+000
6.589285257994904e-005	-8.991275e+000
6.617856457995230e-005	-7.887064e+000
6.646427657995557e-005	-6.658932e+000
6.674998857995884e-005	-5.325828e+000
6.703570057996211e-005	-3.908286e+000
6.732141257996538e-005	-2.428156e+000
6.760712457996865e-005	-9.083246e-001
6.789283657997192e-005	6.275924e-001
6.817854857997518e-005	2.155574e+000
6.846426057997845e-005	3.651545e+000
6.874997257998172e-005	5.091753e+000
6.903568457998499e-005	6.453156e+000
6.932139657998826e-005	7.713826e+000
6.960710857999153e-005	8.853340e+000
6.989282057999480e-005	9.853134e+000
7.017853257999807e-005	1.071286e+001
7.035521804783090e-005	1.116189e+001
7.050761710965248e-005	1.149152e+001
7.058455773775035e-005	1.163737e+001
7.067645907001680e-005	1.179181e+001
7.077140201620924e-005	1.193250e+001
7.087003751656690e-005	1.205276e+001
7.102823991803065e-005	1.219652e+001
7.118832821839671e-005	1.227871e+001
7.142244109099860e-005	1.231967e+001
7.142799999999838e-005	1.231930e+001
